0.0000 1.2202
0.0200 1.2202
0.0400 1.2202
0.0601 1.2203
0.0801 1.2203
0.1001 1.2203
0.1201 1.2203
0.1401 1.2203
0.1602 1.2204
0.1802 1.2204
0.2002 1.2204
0.2202 1.2205
0.2402 1.2205
0.2603 1.2206
0.2803 1.2206
0.3003 1.2207
0.3203 1.2207
0.3403 1.2208
0.3604 1.2208
0.3804 1.2209
0.4004 1.2210
0.4204 1.2211
0.4404 1.2211
0.4605 1.2212
0.4805 1.2213
0.5005 1.2214
0.5205 1.2215
0.5405 1.2216
0.5606 1.2217
0.5806 1.2218
0.6006 1.2219
0.6206 1.2221
0.6406 1.2222
0.6607 1.2223
0.6807 1.2224
0.7007 1.2226
0.7207 1.2227
0.7407 1.2228
0.7608 1.2230
0.7808 1.2231
0.8008 1.2233
0.8208 1.2234
0.8408 1.2236
0.8609 1.2238
0.8809 1.2239
0.9009 1.2241
0.9209 1.2243
0.9409 1.2245
0.9610 1.2247
0.9810 1.2249
1.0010 1.2251
1.0210 1.2253
1.0410 1.2255
1.0611 1.2257
1.0811 1.2259
1.1011 1.2261
1.1211 1.2263
1.1411 1.2266
1.1612 1.2268
1.1812 1.2270
1.2012 1.2273
1.2212 1.2275
1.2412 1.2278
1.2613 1.2280
1.2813 1.2283
1.3013 1.2286
1.3213 1.2288
1.3413 1.2291
1.3614 1.2294
1.3814 1.2297
1.4014 1.2300
1.4214 1.2303
1.4414 1.2306
1.4615 1.2309
1.4815 1.2312
1.5015 1.2315
1.5215 1.2318
1.5415 1.2322
1.5616 1.2325
1.5816 1.2328
1.6016 1.2332
1.6216 1.2335
1.6416 1.2339
1.6617 1.2343
1.6817 1.2346
1.7017 1.2350
1.7217 1.2354
1.7417 1.2358
1.7618 1.2362
1.7818 1.2366
1.8018 1.2370
1.8218 1.2374
1.8418 1.2378
1.8619 1.2383
1.8819 1.2387
1.9019 1.2391
1.9219 1.2396
1.9419 1.2400
1.9620 1.2405
1.9820 1.2410
2.0020 1.2415
2.0220 1.2419
2.0420 1.2424
2.0621 1.2429
2.0821 1.2435
2.1021 1.2440
2.1221 1.2445
2.1421 1.2450
2.1622 1.2456
2.1822 1.2461
2.2022 1.2467
2.2222 1.2473
2.2422 1.2478
2.2623 1.2484
2.2823 1.2490
2.3023 1.2496
2.3223 1.2502
2.3423 1.2509
2.3624 1.2515
2.3824 1.2521
2.4024 1.2528
2.4224 1.2535
2.4424 1.2541
2.4625 1.2548
2.4825 1.2555
2.5025 1.2562
2.5225 1.2570
2.5425 1.2577
2.5626 1.2584
2.5826 1.2592
2.6026 1.2600
2.6226 1.2608
2.6426 1.2616
2.6627 1.2624
2.6827 1.2632
2.7027 1.2640
2.7227 1.2649
2.7427 1.2658
2.7628 1.2667
2.7828 1.2676
2.8028 1.2685
2.8228 1.2694
2.8428 1.2704
2.8629 1.2713
2.8829 1.2723
2.9029 1.2733
2.9229 1.2743
2.9429 1.2754
2.9630 1.2764
2.9830 1.2775
3.0030 1.2786
3.0230 1.2797
3.0430 1.2809
3.0631 1.2821
3.0831 1.2833
3.1031 1.2845
3.1231 1.2857
3.1431 1.2870
3.1632 1.2883
3.1832 1.2896
3.2032 1.2910
3.2232 1.2923
3.2432 1.2938
3.2633 1.2952
3.2833 1.2967
3.3033 1.2982
3.3233 1.2997
3.3433 1.3013
3.3634 1.3030
3.3834 1.3046
3.4034 1.3063
3.4234 1.3081
3.4434 1.3099
3.4635 1.3117
3.4835 1.3136
3.5035 1.3156
3.5235 1.3176
3.5435 1.3196
3.5636 1.3217
3.5836 1.3239
3.6036 1.3262
3.6236 1.3285
3.6436 1.3309
3.6637 1.3333
3.6837 1.3359
3.7037 1.3385
3.7237 1.3413
3.7437 1.3441
3.7638 1.3470
3.7838 1.3501
3.8038 1.3532
3.8238 1.3565
3.8438 1.3600
3.8639 1.3636
3.8839 1.3673
3.9039 1.3712
3.9239 1.3753
3.9439 1.3796
3.9640 1.3841
3.9840 1.3889
4.0040 1.3939
4.0240 1.3992
4.0440 1.4049
4.0641 1.4108
4.0841 1.4171
4.1041 1.4238
4.1241 1.4308
4.1441 1.4383
4.1642 1.4460
4.1842 1.4538
4.2042 1.4614
4.2242 1.4683
4.2442 1.4735
4.2643 1.4756
4.2843 1.4733
4.3043 1.4664
4.3243 1.4569
4.3443 1.4489
4.3644 1.4457
4.3844 1.4485
4.4044 1.4567
4.4244 1.4688
4.4444 1.4836
4.4645 1.5003
4.4845 1.5185
4.5045 1.5377
4.5245 1.5574
4.5445 1.5771
4.5646 1.5956
4.5846 1.6110
4.6046 1.6201
4.6246 1.6179
4.6446 1.5979
4.6647 1.5544
4.6847 1.4871
4.7047 1.4042
4.7247 1.3198
4.7447 1.2454
4.7648 1.1865
4.7848 1.1450
4.8048 1.1202
4.8248 1.1096
4.8448 1.1089
4.8649 1.1146
4.8849 1.1243
4.9049 1.1358
4.9249 1.1470
4.9449 1.1566
4.9650 1.1645
4.9850 1.1702
5.0050 1.1730
5.0250 1.1719
5.0450 1.1672
5.0651 1.1607
5.0851 1.1548
5.1051 1.1508
5.1251 1.1479
5.1451 1.1440
5.1652 1.1377
5.1852 1.1292
5.2052 1.1210
5.2252 1.1160
5.2452 1.1152
5.2653 1.1179
5.2853 1.1230
5.3053 1.1298
5.3253 1.1379
5.3453 1.1469
5.3654 1.1561
5.3854 1.1652
5.4054 1.1734
5.4254 1.1795
5.4454 1.1821
5.4655 1.1802
5.4855 1.1745
5.5055 1.1673
5.5255 1.1612
5.5455 1.1580
5.5656 1.1581
5.5856 1.1608
5.6056 1.1652
5.6256 1.1704
5.6456 1.1759
5.6657 1.1815
5.6857 1.1875
5.7057 1.1939
5.7257 1.2006
5.7457 1.2072
5.7658 1.2132
5.7858 1.2186
5.8058 1.2233
5.8258 1.2278
5.8458 1.2325
5.8659 1.2375
5.8859 1.2428
5.9059 1.2482
5.9259 1.2536
5.9459 1.2589
5.9660 1.2640
5.9860 1.2690
6.0060 1.2741
6.0260 1.2794
6.0460 1.2849
6.0661 1.2908
6.0861 1.2967
6.1061 1.3029
6.1261 1.3090
6.1461 1.3152
6.1662 1.3215
6.1862 1.3279
6.2062 1.3343
6.2262 1.3409
6.2462 1.3475
6.2663 1.3543
6.2863 1.3610
6.3063 1.3679
6.3263 1.3748
6.3463 1.3819
6.3664 1.3890
6.3864 1.3962
6.4064 1.4035
6.4264 1.4110
6.4464 1.4186
6.4665 1.4264
6.4865 1.4343
6.5065 1.4424
6.5265 1.4506
6.5465 1.4591
6.5666 1.4678
6.5866 1.4768
6.6066 1.4859
6.6266 1.4954
6.6466 1.5051
6.6667 1.5152
6.6867 1.5255
6.7067 1.5362
6.7267 1.5473
6.7467 1.5588
6.7668 1.5707
6.7868 1.5830
6.8068 1.5958
6.8268 1.6092
6.8468 1.6231
6.8669 1.6376
6.8869 1.6527
6.9069 1.6685
6.9269 1.6851
6.9469 1.7024
6.9670 1.7207
6.9870 1.7398
7.0070 1.7600
7.0270 1.7813
7.0470 1.8038
7.0671 1.8276
7.0871 1.8528
7.1071 1.8796
7.1271 1.9081
7.1471 1.9385
7.1672 1.9710
7.1872 2.0058
7.2072 2.0431
7.2272 2.0833
7.2472 2.1266
7.2673 2.1734
7.2873 2.2241
7.3073 2.2791
7.3273 2.3390
7.3473 2.4043
7.3674 2.4756
7.3874 2.5535
7.4074 2.6386
7.4274 2.7312
7.4474 2.8314
7.4675 2.9385
7.4875 3.0505
7.5075 3.1628
7.5275 3.2660
7.5475 3.3429
7.5676 3.3632
7.5876 3.2782
7.6076 3.0214
7.6276 2.5289
7.6476 1.7925
7.6677 0.9164
7.6877 0.0912
7.7077 -0.5257
7.7277 -0.8915
7.7477 -1.0514
7.7678 -1.0750
7.7878 -1.0206
7.8078 -0.9270
7.8278 -0.8170
7.8478 -0.7035
7.8679 -0.5929
7.8879 -0.4884
7.9079 -0.3913
7.9279 -0.3017
7.9479 -0.2194
7.9680 -0.1438
7.9880 -0.0745
8.0080 -0.0108
8.0280 0.0479
8.0480 0.1020
8.0681 0.1522
8.0881 0.1988
8.1081 0.2422
8.1281 0.2827
8.1481 0.3207
8.1682 0.3564
8.1882 0.3900
8.2082 0.4218
8.2282 0.4519
8.2482 0.4806
8.2683 0.5079
8.2883 0.5341
8.3083 0.5592
8.3283 0.5833
8.3483 0.6067
8.3684 0.6292
8.3884 0.6512
8.4084 0.6726
8.4284 0.6935
8.4484 0.7141
8.4685 0.7343
8.4885 0.7544
8.5085 0.7743
8.5285 0.7941
8.5485 0.8140
8.5686 0.8340
8.5886 0.8542
8.6086 0.8747
8.6286 0.8955
8.6486 0.9168
8.6687 0.9385
8.6887 0.9606
8.7087 0.9831
8.7287 1.0056
8.7487 1.0274
8.7688 1.0478
8.7888 1.0656
8.8088 1.0806
8.8288 1.0936
8.8488 1.1064
8.8689 1.1197
8.8889 1.1312
8.9089 1.1353
8.9289 1.1238
8.9489 1.0885
8.9690 1.0260
8.9890 0.9431
9.0090 0.8560
9.0290 0.7825
9.0490 0.7342
9.0691 0.7132
9.0891 0.7146
9.1091 0.7310
9.1291 0.7559
9.1491 0.7846
9.1692 0.8133
9.1892 0.8394
9.2092 0.8611
9.2292 0.8784
9.2492 0.8936
9.2693 0.9103
9.2893 0.9306
9.3093 0.9539
9.3293 0.9774
9.3493 0.9965
9.3694 1.0056
9.3894 0.9994
9.4094 0.9751
9.4294 0.9352
9.4494 0.8861
9.4695 0.8357
9.4895 0.7910
9.5095 0.7547
9.5295 0.7257
9.5495 0.7018
9.5696 0.6819
9.5896 0.6647
9.6096 0.6481
9.6296 0.6302
9.6496 0.6097
9.6697 0.5858
9.6897 0.5600
9.7097 0.5360
9.7297 0.5183
9.7497 0.5098
9.7698 0.5110
9.7898 0.5197
9.8098 0.5325
9.8298 0.5468
9.8498 0.5613
9.8699 0.5754
9.8899 0.5886
9.9099 0.6005
9.9299 0.6109
9.9499 0.6197
9.9700 0.6267
9.9900 0.6306
10.0100 0.6307
10.0300 0.6275
10.0501 0.6227
10.0701 0.6180
10.0901 0.6145
10.1101 0.6132
10.1301 0.6146
10.1502 0.6187
10.1702 0.6251
10.1902 0.6333
10.2102 0.6427
10.2302 0.6530
10.2503 0.6636
10.2703 0.6742
10.2903 0.6843
10.3103 0.6935
10.3303 0.7014
10.3504 0.7077
10.3704 0.7123
10.3904 0.7150
10.4104 0.7159
10.4304 0.7148
10.4505 0.7118
10.4705 0.7073
10.4905 0.7025
10.5105 0.6992
10.5305 0.6985
10.5506 0.7009
10.5706 0.7058
10.5906 0.7121
10.6106 0.7189
10.6306 0.7257
10.6507 0.7322
10.6707 0.7381
10.6907 0.7433
10.7107 0.7476
10.7307 0.7512
10.7508 0.7544
10.7708 0.7578
10.7908 0.7616
10.8108 0.7660
10.8308 0.7706
10.8509 0.7753
10.8709 0.7796
10.8909 0.7835
10.9109 0.7869
10.9309 0.7897
10.9510 0.7917
10.9710 0.7928
10.9910 0.7933
11.0110 0.7936
11.0310 0.7941
11.0511 0.7949
11.0711 0.7962
11.0911 0.7978
11.1111 0.7994
11.1311 0.8005
11.1512 0.8011
11.1712 0.8014
11.1912 0.8018
11.2112 0.8028
11.2312 0.8049
11.2513 0.8078
11.2713 0.8111
11.2913 0.8143
11.3113 0.8170
11.3313 0.8187
11.3514 0.8190
11.3714 0.8175
11.3914 0.8145
11.4114 0.8108
11.4314 0.8074
11.4515 0.8054
11.4715 0.8054
11.4915 0.8072
11.5115 0.8101
11.5315 0.8136
11.5516 0.8173
11.5716 0.8210
11.5916 0.8248
11.6116 0.8289
11.6316 0.8333
11.6517 0.8381
11.6717 0.8427
11.6917 0.8465
11.7117 0.8490
11.7317 0.8500
11.7518 0.8495
11.7718 0.8477
11.7918 0.8448
11.8118 0.8409
11.8318 0.8366
11.8519 0.8323
11.8719 0.8285
11.8919 0.8252
11.9119 0.8223
11.9319 0.8196
11.9520 0.8166
11.9720 0.8132
11.9920 0.8096
12.0120 0.8069
12.0320 0.8058
12.0521 0.8064
12.0721 0.8080
12.0921 0.8100
12.1121 0.8117
12.1321 0.8129
12.1522 0.8132
12.1722 0.8129
12.1922 0.8121
12.2122 0.8114
12.2322 0.8108
12.2523 0.8105
12.2723 0.8100
12.2923 0.8088
12.3123 0.8067
12.3323 0.8037
12.3524 0.8001
12.3724 0.7966
12.3924 0.7939
12.4124 0.7923
12.4324 0.7919
12.4525 0.7927
12.4725 0.7945
12.4925 0.7969
12.5125 0.7996
12.5325 0.8024
12.5526 0.8052
12.5726 0.8079
12.5926 0.8105
12.6126 0.8129
12.6326 0.8153
12.6527 0.8174
12.6727 0.8192
12.6927 0.8208
12.7127 0.8222
12.7327 0.8236
12.7528 0.8250
12.7728 0.8261
12.7928 0.8269
12.8128 0.8273
12.8328 0.8274
12.8529 0.8274
12.8729 0.8276
12.8929 0.8281
12.9129 0.8292
12.9329 0.8308
12.9530 0.8328
12.9730 0.8350
12.9930 0.8373
13.0130 0.8394
13.0330 0.8413
13.0531 0.8429
13.0731 0.8441
13.0931 0.8450
13.1131 0.8454
13.1331 0.8455
13.1532 0.8452
13.1732 0.8447
13.1932 0.8440
13.2132 0.8433
13.2332 0.8428
13.2533 0.8423
13.2733 0.8419
13.2933 0.8419
13.3133 0.8423
13.3333 0.8431
13.3534 0.8442
13.3734 0.8455
13.3934 0.8470
13.4134 0.8486
13.4334 0.8503
13.4535 0.8520
13.4735 0.8537
13.4935 0.8553
13.5135 0.8567
13.5335 0.8581
13.5536 0.8593
13.5736 0.8604
13.5936 0.8614
13.6136 0.8623
13.6336 0.8632
13.6537 0.8641
13.6737 0.8650
13.6937 0.8659
13.7137 0.8667
13.7337 0.8673
13.7538 0.8677
13.7738 0.8679
13.7938 0.8680
13.8138 0.8682
13.8338 0.8686
13.8539 0.8692
13.8739 0.8701
13.8939 0.8710
13.9139 0.8720
13.9339 0.8729
13.9540 0.8739
13.9740 0.8749
13.9940 0.8758
14.0140 0.8768
14.0340 0.8777
14.0541 0.8786
14.0741 0.8794
14.0941 0.8803
14.1141 0.8810
14.1341 0.8817
14.1542 0.8824
14.1742 0.8831
14.1942 0.8837
14.2142 0.8844
14.2342 0.8851
14.2543 0.8858
14.2743 0.8865
14.2943 0.8872
14.3143 0.8879
14.3343 0.8885
14.3544 0.8892
14.3744 0.8899
14.3944 0.8905
14.4144 0.8911
14.4344 0.8917
14.4545 0.8924
14.4745 0.8930
14.4945 0.8936
14.5145 0.8941
14.5345 0.8947
14.5546 0.8953
14.5746 0.8958
14.5946 0.8964
14.6146 0.8969
14.6346 0.8975
14.6547 0.8980
14.6747 0.8985
14.6947 0.8991
14.7147 0.8996
14.7347 0.9001
14.7548 0.9006
14.7748 0.9011
14.7948 0.9016
14.8148 0.9020
14.8348 0.9025
14.8549 0.9030
14.8749 0.9035
14.8949 0.9039
14.9149 0.9044
14.9349 0.9049
14.9550 0.9053
14.9750 0.9058
14.9950 0.9062
15.0150 0.9066
15.0350 0.9071
15.0551 0.9075
15.0751 0.9079
15.0951 0.9083
15.1151 0.9088
15.1351 0.9092
15.1552 0.9096
15.1752 0.9100
15.1952 0.9104
15.2152 0.9108
15.2352 0.9112
15.2553 0.9116
15.2753 0.9120
15.2953 0.9123
15.3153 0.9127
15.3353 0.9131
15.3554 0.9135
15.3754 0.9139
15.3954 0.9142
15.4154 0.9146
15.4354 0.9150
15.4555 0.9153
15.4755 0.9157
15.4955 0.9160
15.5155 0.9164
15.5355 0.9167
15.5556 0.9171
15.5756 0.9174
15.5956 0.9178
15.6156 0.9181
15.6356 0.9184
15.6557 0.9188
15.6757 0.9191
15.6957 0.9194
15.7157 0.9197
15.7357 0.9201
15.7558 0.9204
15.7758 0.9207
15.7958 0.9210
15.8158 0.9213
15.8358 0.9216
15.8559 0.9219
15.8759 0.9223
15.8959 0.9226
15.9159 0.9229
15.9359 0.9232
15.9560 0.9235
15.9760 0.9238
15.9960 0.9240
16.0160 0.9243
16.0360 0.9246
16.0561 0.9249
16.0761 0.9252
16.0961 0.9255
16.1161 0.9258
16.1361 0.9260
16.1562 0.9263
16.1762 0.9266
16.1962 0.9269
16.2162 0.9271
16.2362 0.9274
16.2563 0.9277
16.2763 0.9279
16.2963 0.9282
16.3163 0.9285
16.3363 0.9287
16.3564 0.9290
16.3764 0.9293
16.3964 0.9295
16.4164 0.9298
16.4364 0.9300
16.4565 0.9303
16.4765 0.9305
16.4965 0.9308
16.5165 0.9310
16.5365 0.9313
16.5566 0.9315
16.5766 0.9317
16.5966 0.9320
16.6166 0.9322
16.6366 0.9325
16.6567 0.9327
16.6767 0.9329
16.6967 0.9332
16.7167 0.9334
16.7367 0.9336
16.7568 0.9339
16.7768 0.9341
16.7968 0.9343
16.8168 0.9345
16.8368 0.9348
16.8569 0.9350
16.8769 0.9352
16.8969 0.9354
16.9169 0.9356
16.9369 0.9359
16.9570 0.9361
16.9770 0.9363
16.9970 0.9365
17.0170 0.9367
17.0370 0.9369
17.0571 0.9371
17.0771 0.9373
17.0971 0.9375
17.1171 0.9378
17.1371 0.9380
17.1572 0.9382
17.1772 0.9384
17.1972 0.9386
17.2172 0.9388
17.2372 0.9390
17.2573 0.9392
17.2773 0.9394
17.2973 0.9396
17.3173 0.9397
17.3373 0.9399
17.3574 0.9401
17.3774 0.9403
17.3974 0.9405
17.4174 0.9407
17.4374 0.9409
17.4575 0.9411
17.4775 0.9413
17.4975 0.9415
17.5175 0.9416
17.5375 0.9418
17.5576 0.9420
17.5776 0.9422
17.5976 0.9424
17.6176 0.9425
17.6376 0.9427
17.6577 0.9429
17.6777 0.9431
17.6977 0.9433
17.7177 0.9434
17.7377 0.9436
17.7578 0.9438
17.7778 0.9439
17.7978 0.9441
17.8178 0.9443
17.8378 0.9445
17.8579 0.9446
17.8779 0.9448
17.8979 0.9450
17.9179 0.9451
17.9379 0.9453
17.9580 0.9455
17.9780 0.9456
17.9980 0.9458
18.0180 0.9459
18.0380 0.9461
18.0581 0.9463
18.0781 0.9464
18.0981 0.9466
18.1181 0.9467
18.1381 0.9469
18.1582 0.9471
18.1782 0.9472
18.1982 0.9474
18.2182 0.9475
18.2382 0.9477
18.2583 0.9478
18.2783 0.9480
18.2983 0.9481
18.3183 0.9483
18.3383 0.9484
18.3584 0.9486
18.3784 0.9487
18.3984 0.9489
18.4184 0.9490
18.4384 0.9492
18.4585 0.9493
18.4785 0.9495
18.4985 0.9496
18.5185 0.9497
18.5385 0.9499
18.5586 0.9500
18.5786 0.9502
18.5986 0.9503
18.6186 0.9505
18.6386 0.9506
18.6587 0.9507
18.6787 0.9509
18.6987 0.9510
18.7187 0.9511
18.7387 0.9513
18.7588 0.9514
18.7788 0.9515
18.7988 0.9517
18.8188 0.9518
18.8388 0.9520
18.8589 0.9521
18.8789 0.9522
18.8989 0.9523
18.9189 0.9525
18.9389 0.9526
18.9590 0.9527
18.9790 0.9529
18.9990 0.9530
19.0190 0.9531
19.0390 0.9532
19.0591 0.9534
19.0791 0.9535
19.0991 0.9536
19.1191 0.9538
19.1391 0.9539
19.1592 0.9540
19.1792 0.9541
19.1992 0.9542
19.2192 0.9544
19.2392 0.9545
19.2593 0.9546
19.2793 0.9547
19.2993 0.9549
19.3193 0.9550
19.3393 0.9551
19.3594 0.9552
19.3794 0.9553
19.3994 0.9554
19.4194 0.9556
19.4394 0.9557
19.4595 0.9558
19.4795 0.9559
19.4995 0.9560
19.5195 0.9561
19.5395 0.9563
19.5596 0.9564
19.5796 0.9565
19.5996 0.9566
19.6196 0.9567
19.6396 0.9568
19.6597 0.9569
19.6797 0.9570
19.6997 0.9571
19.7197 0.9573
19.7397 0.9574
19.7598 0.9575
19.7798 0.9576
19.7998 0.9577
19.8198 0.9578
19.8398 0.9579
19.8599 0.9580
19.8799 0.9581
19.8999 0.9582
19.9199 0.9583
19.9399 0.9584
19.9600 0.9585
19.9800 0.9586
20.0000 0.9587
